((("__" .
   [1 0])
  ("discover" .
   [0 0 0 0 2 0 0 0])
  ("length" .
   [0 0 0 1 0 0])
  ("creators" .
   [0 0 0 0 0 0 1 0])
  ("url" .
   [1 0 0])
  ("0.0675" .
   [1 0 0 0 0 0])
  ("0.3" .
   [1 0 0])
  ("1.2" .
   [1 0 0])
  ("1.1" .
   [1 0 0])
  ("1.05" .
   [1 0 0 0])
  ("alert" .
   [2 0 0 0 0])
  ("false" .
   [1 0 0 0 0])
  ("animating" .
   [1 0 0 0 0 0 0 0 0])
  ("with" .
   [1 0 0 0])
  ("width" .
   [1 0 0 0 0])
  ("i" .
   [1])
  ("dimension" .
   [0 0 0 1 0 1 0 0 0])
  ("format" .
   [1 0 0 0 0 0])
  ("return" .
   [1 0 0 0 0 0])
  ("window" .
   [1 0 0 0 0 0])
  ("start" .
   [1 0 0 0 0])
  ("offset" .
   [1 0 0 1 0 0])
  ("self" .
   [62 0 0 0])
  ("config" .
   [20 0 1 0 0 1])
  ("var" .
   [1 0 0])
  ("function" .
   [1 0 0 0 0 0 0 0])
  ("setup" .
   [1 0 0 0 0])
  ("methods" .
   [26 0 0 0 0 0 0])
  ("settings" .
   [2 0 0 0 0 0 0 0])
  ("this" .
   [36 0 0 0])
  ("you" .
   [1 0 0])
  ("!/bin/sh" .
   [0 0 1 0 0 0 0 0])
  ("results-artificial.json" .
   [1 0 0 0 0 0 0 0 0 0 0 0 0 0 0 0 0 0 0 0 0 0 0])
  ("results-planetlab-20-100-09-100.csv" .
   [1 0 0 0 0 0 0 0 0 0 0 0 0 0 0 0 0 0 0 0 0 0 0 0 0 0 0 0 0 0 0 0 0 0 0])
  ("rm" .
   [2 0])))
